#NAME          X             Y             Z            SEFDR     SEFDL   FR_PAR_ANGLE FR_ELEV_ANGLE FR_OFFSET[d] DR_RE   DR_IM   DL_RE    DL_IM
PV          5088967.8     -301681.2      3825012.2       1900      1900    1            -1            0            0       0       0        0
SMT         -1828796.200  -5054406.800   3427865.200     17100     17100   1             1            0            0       0       0        0
SMA         -5464555.5    -2492928.0     2150797.2       6200      6200    1            -1            45           0       0       0        0
LMT         -768715.6     -5988507.1     2063354.9       4500      4500    1            -1            0            0       0       0        0
SPT         809.8         -816.9         -6359568.7      19300     19300   1             0            0            0       0       0        0
ALMA        2225061.3     -5440061.7     -2481681.2      74        74      1             0            0            0       0       0        0
APEX        2225039.5     -5441197.63    -2479303.36     4700      4700    1             1            0            0       0       0        0
JCMT        -5464584.68   -2493001.17    2150653.98      10500     10500   1             0            0            0       0       0        0
GLT         541547.0      -1387978.6     6180982.0       5000      5000    1             0            0            0       0       0        0
NOEMA       4524000.4     468042.1       4460309.8       700       700     1             0            0            0       0       0        0
KP          -1995385.13   -5037198.79     3357674.85     13000     13000   1             0            0            0       0       0        0
AMT         5627857.426   1638239.67582  -2512266.994    6000      5000    1             0            0            0       0       0        0
SPART       -3871061.02   3428327.2395    3723784.27     10000     10000   1             0            0            0       0       0        0
Yonsei      -3042280.91   4045902.72     3867374.35      4428      5200    1             0            0            0       0       0        0
