# SRC: Sgr A* 
# RA: 17 h 45 m 40.0409 s
# DEC: -28 deg 59 m 31.8820 s
# MJD: 48277 
# RF: 230.0000 GHz 
# BW: 8.0000 GHz 
# PHASECAL: 0 
# AMPCAL: 1 
# OPACITYCAL: 1 
# DCAL: 1 
# FRCAL: 1 
# ----------------------------------------------------------------------------------------------------------------------------------------
# Site       X(m)             Y(m)             Z(m)           SEFDR      SEFDL     FR_PAR   FR_EL   FR_OFF  DR_RE    DR_IM    DL_RE    DL_IM   
# ALMA       2225061.30000   -5440061.70000   -2481681.20000     74.00      74.00   1.00    0.00    0.00    0.0000   0.0000   0.0000   0.0000 
# NOEMA      4524000.40000     468042.10000    4460309.80000    700.00     700.00   1.00    0.00    0.00    0.0000   0.0000   0.0000   0.0000 
# PV         5088967.80000    -301681.20000    3825012.20000   1900.00    1900.00   1.00   -1.00    0.00    0.0000   0.0000   0.0000   0.0000 
# LMT        -768715.60000   -5988507.10000    2063354.90000   4500.00    4500.00   1.00   -1.00    0.00    0.0000   0.0000   0.0000   0.0000 
# APEX       2225039.50000   -5441197.63000   -2479303.36000   4700.00    4700.00   1.00    1.00    0.00    0.0000   0.0000   0.0000   0.0000 
# Yonsei    -3042280.91000    4045902.72000    3867374.35000   4428.00    5200.00   1.00    0.00    0.00    0.0000   0.0000   0.0000   0.0000 
# GLT         541547.00000   -1387978.60000    6180982.00000   5000.00    5000.00   1.00    0.00    0.00    0.0000   0.0000   0.0000   0.0000 
# SG           92309.87690    5566822.80910    3109831.73340   5200.00    5200.00   1.00    0.00    0.00    0.0000   0.0000   0.0000   0.0000 
# AMT        5627857.42600    1638239.67582   -2512266.99400   6000.00    5000.00   1.00    0.00    0.00    0.0000   0.0000   0.0000   0.0000 
# SMA       -5464555.50000   -2492928.00000    2150797.20000   6200.00    6200.00   1.00   -1.00   45.00    0.0000   0.0000   0.0000   0.0000 
# SPART     -3871061.02000    3428327.23950    3723784.27000  10000.00   10000.00   1.00    0.00    0.00    0.0000   0.0000   0.0000   0.0000 
# JCMT      -5464584.68000   -2493001.17000    2150653.98000  10500.00   10500.00   1.00    0.00    0.00    0.0000   0.0000   0.0000   0.0000 
# KP        -1995385.13000   -5037198.79000    3357674.85000  13000.00   13000.00   1.00    0.00    0.00    0.0000   0.0000   0.0000   0.0000 
# SMT       -1828796.20000   -5054406.80000    3427865.20000  17100.00   17100.00   1.00    1.00    0.00    0.0000   0.0000   0.0000   0.0000 
# SPT            809.80000       -816.90000   -6359568.70000  19300.00   19300.00   1.00    0.00    0.00    0.0000   0.0000   0.0000   0.0000 
# ----------------------------------------------------------------------------------------------------------------------------------------
# time (hr) tint    T1     T2    Tau1   Tau2   U (lambda)       V (lambda)         Iamp (Jy)    Iphase(d)  Qamp (Jy)    Qphase(d)   Uamp (Jy)    Uphase(d)   Vamp (Jy)    Vphase(d)   Isigma (Jy)   Qsigma (Jy)   Usigma (Jy)   Vsigma (Jy)
00.00944992 10.00   JCMT    SPT  0.10   0.10   3912218638.6011  6891322554.4161    0.11793407   122.2947   0.04539083    64.2447    0.06183007     5.6535    0.04992346   -55.2512    0.02859668    0.02859668    0.02859668    0.02859668
00.00944992 10.00     SG   JCMT  0.10   0.10  -7509548692.0115   580040989.0182    0.08318465    25.5841   0.02291735    84.1343    0.01973756   162.3612    0.02649182   -94.1619    0.01484358    0.01484358    0.01484358    0.01484358
00.00944992 10.00     SG    SMA  0.10   0.10  -7509489542.9579   579938869.5105    0.10347546    53.1154   0.03112608    45.0205    0.00450875  -148.2146    0.01398203    59.4430    0.01140617    0.01140617    0.01140617    0.01140617
00.00944992 10.00     SG  SPART  0.10   0.10  -3048744222.6112 -1199923528.3197    0.60833152   -85.5878   0.02299017   124.1597    0.02953786  -140.1573    0.02027603   -59.2333    0.01448585    0.01448585    0.01448585    0.01448585
00.00944992 10.00     SG    SPT  0.10   0.10  -3597330053.4104  7471363543.4343    0.16389914   141.3395   0.01392598   -36.4795    0.02068924   -71.9248    0.02604505   -74.7837    0.02012439    0.02012439    0.02012439    0.02012439
00.00944992 10.00    SMA   JCMT  0.10   0.10       -59149.0537      102119.5077    2.49579936   -26.1564   0.24315026   -19.9570    0.01092215    11.7456    0.01245630    26.6343    0.01620813    0.01620813    0.01620813    0.01620813
00.00944992 10.00    SMA  SPART  0.10   0.10   4460745320.3467 -1779862397.8302    0.38016861   172.3224   0.03754761    94.1653    0.04356697    66.8317    0.01793423   -61.2788    0.01581751    0.01581751    0.01581751    0.01581751
00.00944992 10.00    SMA    SPT  0.10   0.10   3912159489.5475  6891424673.9238    0.16539065   123.7375   0.01427448   125.3221    0.03143113  -161.6567    0.02996319    -1.2282    0.02197439    0.02197439    0.02197439    0.02197439
00.00944992 10.00  SPART   JCMT  0.10   0.10  -4460804469.4003  1779964517.3379    0.37909897   160.2941   0.02238248   -43.3367    0.03265129   153.6482    0.01156167    17.2661    0.02058434    0.02058434    0.02058434    0.02058434
00.00944992 10.00  SPART    SPT  0.10   0.10   -548585830.7992  8671287071.7540    0.10274456   130.2321   0.05409317    90.6572    0.03326265  -178.8426    0.07838210     5.4397    0.02790750    0.02790750    0.02790750    0.02790750
00.00944992 10.00 Yonsei   JCMT  0.10   0.10  -5207233223.1576  1746606768.0583    0.27212575    18.2278   0.01367547   123.4231    0.03580736   136.5165    0.01725270    56.2240    0.01369748    0.01428203    0.01428203    0.01369748
00.00944992 10.00 Yonsei     SG  0.10   0.10   2302315468.8539  1166565779.0401    0.80708044   -73.8631   0.02004489    62.4230    0.03776768  -176.4574    0.01234621   -86.6648    0.00963935    0.01005072    0.01005072    0.00963935
00.00944992 10.00 Yonsei    SMA  0.10   0.10  -5207174074.1040  1746504648.5506    0.24579345    43.2101   0.01100432   107.8493    0.02183923  -161.0762    0.03518421   -61.8870    0.01052548    0.01097466    0.01097466    0.01052548
00.00944992 10.00 Yonsei  SPART  0.10   0.10   -746428753.7573   -33357749.2796    2.17998552  -138.3433   0.19093157  -128.5476    0.02665418   -24.5067    0.01881696    89.5076    0.01336738    0.01393784    0.01393784    0.01336738
00.00944992 10.00 Yonsei    SPT  0.10   0.10  -1295014584.5565  8637929322.4744    0.12001395    -3.5004   0.03218361   136.9417    0.01181632   -86.7301    0.01212580  -157.4845    0.01857055    0.01936306    0.01936306    0.01857055
00.17566152 10.00   JCMT    SPT  0.10   0.10   4014731652.2207  6807487271.7649    0.13903392    79.8815   0.06051116    52.7316    0.05498122    10.7011    0.00577956   159.5798    0.02859668    0.02859668    0.02859668    0.02859668
00.17566152 10.00     SG   JCMT  0.10   0.10  -7508126853.3872   738867653.4883    0.07604309    36.2072   0.01295781   -83.1212    0.01829174  -109.9597    0.02758118    58.5305    0.01484358    0.01484358    0.01484358    0.01484358
00.17566152 10.00     SG    SMA  0.10   0.10  -7508068301.5656   738764289.1782    0.06897977   121.3312   0.01224697  -172.8999    0.00621356    13.0590    0.02473438   -88.5353    0.01140617    0.01140617    0.01140617    0.01140617
00.17566152 10.00     SG  SPART  0.10   0.10  -3116751419.2212 -1134717358.1213    0.63902619   117.4545   0.01795118     2.6837    0.01440648   -83.0448    0.01612283    91.7720    0.01448585    0.01448585    0.01448585    0.01448585
00.17566152 10.00     SG    SPT  0.10   0.10  -3493395201.1665  7546354925.2532    0.10621560    90.7218   0.03331195   173.4327    0.03033785    63.6299    0.02129401  -153.8766    0.02012439    0.02012439    0.02012439    0.02012439
00.17566152 10.00    SMA   JCMT  0.10   0.10       -58551.8216      103364.3100    2.50857835   -76.7941   0.24202512   -76.1994    0.01806729  -164.9036    0.03386454   -78.3344    0.01620813    0.01620813    0.01620813    0.01620813
00.17566152 10.00    SMA  SPART  0.10   0.10   4391316882.3444 -1873481647.2996    0.38385545   -49.8246   0.01826978  -136.8751    0.01234413    77.2895    0.00280067   -80.2985    0.01581751    0.01581751    0.01581751    0.01581751
00.17566152 10.00    SMA    SPT  0.10   0.10   4014673100.3991  6807590636.0750    0.17458080    -8.7488   0.00792883   -30.3928    0.02570841  -104.9359    0.03176131   -93.1470    0.02197439    0.02197439    0.02197439    0.02197439
00.17566152 10.00  SPART   JCMT  0.10   0.10  -4391375434.1660  1873585011.6096    0.37715462   -23.7585   0.03835990    34.8538    0.03585324    97.1625    0.01122570   121.9868    0.02058434    0.02058434    0.02058434    0.02058434
00.17566152 10.00  SPART    SPT  0.10   0.10   -376643781.9453  8681072283.3746    0.09439132  -123.1498   0.04356734    39.2619    0.03825391    16.8132    0.02719132   147.0582    0.02790750    0.02790750    0.02790750    0.02790750
00.17566152 10.00 Yonsei   JCMT  0.10   0.10  -5148767352.6778  1856131642.5129    0.24811191   -20.6821   0.01318059    -1.5506    0.02139013   119.6839    0.00888553   -18.1207    0.01369748    0.01428203    0.01428203    0.01369748
00.17566152 10.00 Yonsei     SG  0.10   0.10   2359359500.7094  1117263989.0246    0.79017237  -124.8647   0.00704345   -43.8637    0.04648699   119.8919    0.01591332   179.2653    0.00963935    0.01005072    0.01005072    0.00963935
00.17566152 10.00 Yonsei    SMA  0.10   0.10  -5148708800.8562  1856028278.2029    0.25568886    53.6405   0.01376218   116.9224    0.00620583  -132.5863    0.02225989    45.7389    0.01052548    0.01097466    0.01097466    0.01052548
00.17566152 10.00 Yonsei  SPART  0.10   0.10   -757391918.5118   -17453369.0967    2.20415537    15.4444   0.17578404    32.4567    0.03232939  -150.5227    0.00107226  -151.2101    0.01336738    0.01393784    0.01393784    0.01336738
00.17566152 10.00 Yonsei    SPT  0.10   0.10  -1134035700.4571  8663618914.2779    0.09352190  -124.5296   0.02246481   -20.1114    0.02565956   103.8338    0.02756576   -34.6922    0.01857055    0.01936306    0.01936306    0.01857055
00.34187311 10.00   JCMT    SPT  0.10   0.10   4109602395.9579  6721564462.0723    0.15365928   106.6877   0.05786815   162.7133    0.02389993    88.7876    0.03963792   -17.2654    0.02859668    0.02859668    0.02859668    0.02859668
00.34187311 10.00     SG   JCMT  0.10   0.10  -7492412868.5635   897513089.8001    0.08043496   166.3989   0.03576489  -169.6591    0.01536993  -137.8602    0.02680125   111.4913    0.01484358    0.01484358    0.01484358    0.01484358
00.34187311 10.00     SG    SMA  0.10   0.10  -7492355025.4307   897408494.4991    0.06536174   -50.4270   0.01457870   -27.7481    0.01464881   126.9479    0.01832248   -28.5173    0.01140617    0.01140617    0.01140617    0.01140617
00.34187311 10.00     SG  SPART  0.10   0.10  -3178825702.3602 -1068135448.5500    0.65353680    24.4094   0.03687790  -140.5024    0.02045182  -147.3416    0.00378141   103.3646    0.01448585    0.01448585    0.01448585    0.01448585
00.34187311 10.00     SG    SPT  0.10   0.10  -3382810472.6056  7619077551.8724    0.09450513   -82.1331   0.02383985    70.7985    0.02939827   -32.9388    0.01191298   169.5946    0.02012439    0.02012439    0.02012439    0.02012439
00.34187311 10.00    SMA   JCMT  0.10   0.10       -57843.1329      104595.3010    2.50466451  -149.9632   0.21747932  -148.0940    0.01411075    -9.5365    0.02346898   103.4865    0.01620813    0.01620813    0.01620813    0.01620813
00.34187311 10.00    SMA  SPART  0.10   0.10   4313529323.0705 -1965543943.0491    0.40118938     8.7809   0.03031389   -54.3288    0.01007975   123.2567    0.01571488   -38.6461    0.01581751    0.01581751    0.01581751    0.01581751
00.34187311 10.00    SMA    SPT  0.10   0.10   4109544552.8250  6721669057.3733    0.15445710   -36.1019   0.03830637   -47.1920    0.02236172   104.2132    0.01754674  -153.1557    0.02197439    0.02197439    0.02197439    0.02197439
00.34187311 10.00  SPART   JCMT  0.10   0.10  -4313587166.2033  1965648538.3501    0.39516200  -166.0786   0.04915000   159.8314    0.03246248   139.0917    0.02613008   149.6719    0.02058434    0.02058434    0.02058434    0.02058434
00.34187311 10.00  SPART    SPT  0.10   0.10   -203984770.2454  8687213000.4224    0.11949574   131.8893   0.01910140   -19.7487    0.02706293  -170.7491    0.02394260    32.0639    0.02790750    0.02790750    0.02790750    0.02790750
00.34187311 10.00 Yonsei   JCMT  0.10   0.10  -5080500510.9053  1964316194.0990    0.27376336   160.8932   0.01619471  -124.5811    0.02409768  -103.3284    0.02431602   -89.3299    0.01369748    0.01428203    0.01428203    0.01369748
00.34187311 10.00 Yonsei     SG  0.10   0.10   2411912357.6582  1066803104.2989    0.78214551   -70.4609   0.00490383   154.8532    0.01414123  -119.6041    0.01484285  -167.8378    0.00963935    0.01005072    0.01005072    0.00963935
00.34187311 10.00 Yonsei    SMA  0.10   0.10  -5080442667.7725  1964211598.7980    0.25351133   -46.3296   0.02269067    52.7817    0.01892275   151.7129    0.00646556   110.6793    0.01052548    0.01097466    0.01097466    0.01052548
00.34187311 10.00 Yonsei  SPART  0.10   0.10   -766913344.7020    -1332344.2511    2.19835074   -26.3800   0.20352364    -4.6508    0.02471742     4.7457    0.01866208   -17.6378    0.01336738    0.01393784    0.01393784    0.01336738
00.34187311 10.00 Yonsei    SPT  0.10   0.10   -970898114.9474  8685880656.1713    0.13598824   118.5058   0.03017169    13.8491    0.01987558  -139.7403    0.03191941    72.8144    0.01857055    0.01936306    0.01936306    0.01857055
00.50808470 10.00   JCMT    SPT  0.10   0.10   4196650277.9599  6633717684.2900    0.13943906    36.0898   0.01963646    65.1480    0.02218679  -135.1918    0.02468920    58.3973    0.02859668    0.02859668    0.02859668    0.02859668
00.50808470 10.00     SG   JCMT  0.10   0.10  -7462436650.0036  1055675307.3487    0.12167409    41.6692   0.01526155  -113.5440    0.03076657  -103.7062    0.02194883    36.7938    0.01484358    0.01484358    0.01484358    0.01484358
00.50808470 10.00     SG    SMA  0.10   0.10  -7462379625.6672  1055569497.2114    0.10323692   -29.8090   0.01687489   -84.6222    0.02494091   165.1895    0.01163786    92.0985    0.01140617    0.01140617    0.01140617    0.01140617
00.50808470 10.00     SG  SPART  0.10   0.10  -3234848910.1021 -1000304542.0549    0.60469710   -43.3545   0.00457898    16.4560    0.03681883   168.4411    0.01051227   124.1539    0.01448585    0.01448585    0.01448585    0.01448585
00.50808470 10.00     SG    SPT  0.10   0.10  -3265786372.0437  7689392991.6387    0.11559684    16.6742   0.02598091    88.1512    0.01617814   -49.5837    0.03688276   117.4298    0.02012439    0.02012439    0.02012439    0.02012439
00.50808470 10.00    SMA   JCMT  0.10   0.10       -57024.3364      105810.1373    2.52068603    57.9263   0.20287575    63.0416    0.01933058  -138.2683    0.03643977    63.4317    0.01620813    0.01620813    0.01620813    0.01620813
00.50808470 10.00    SMA  SPART  0.10   0.10   4227530715.5651 -2055874039.2663    0.34434560   -54.5935   0.02237127   -75.8351    0.02570529   -99.5059    0.02785209    61.2458    0.01581751    0.01581751    0.01581751    0.01581751
00.50808470 10.00    SMA    SPT  0.10   0.10   4196593253.6234  6633823494.4272    0.15569524    79.9399   0.01616294  -156.0673    0.01699830  -133.0457    0.02409711   169.1913    0.02197439    0.02197439    0.02197439    0.02197439
00.50808470 10.00  SPART   JCMT  0.10   0.10  -4227587739.9015  2055979849.4036    0.39144719   115.6306   0.02070410   117.2838    0.02682297   -37.5424    0.02722262    73.3443    0.02058434    0.02058434    0.02058434    0.02058434
00.50808470 10.00  SPART    SPT  0.10   0.10    -30937461.9417  8689697533.6936    0.13191382   -26.6011   0.03391739  -147.4786    0.04874496   116.4709    0.03053510   -26.7508    0.02790750    0.02790750    0.02790750    0.02790750
00.50808470 10.00 Yonsei   JCMT  0.10   0.10  -5002562647.6536  2070954487.3737    0.27621272   -78.4111   0.00920327    54.1147    0.01578570    63.9463    0.02106789   173.5678    0.01369748    0.01428203    0.01428203    0.01369748
00.50808470 10.00 Yonsei     SG  0.10   0.10   2459874002.3500  1015279180.0250    0.76425622  -158.8445   0.02675921    97.8346    0.03161084   105.4754    0.01989286  -105.1192    0.00963935    0.01005072    0.01005072    0.00963935
00.50808470 10.00 Yonsei    SMA  0.10   0.10  -5002505623.3172  2070848677.2365    0.25133919  -133.0946   0.01822395  -109.2750    0.02444012    59.7892    0.00658290  -140.3847    0.01052548    0.01097466    0.01097466    0.01052548
00.50808470 10.00 Yonsei  SPART  0.10   0.10   -774974907.7521    14974637.9701    2.18485455  -179.9740   0.20564113  -164.9951    0.00459136  -156.0894    0.02163993   167.1748    0.01336738    0.01393784    0.01393784    0.01336738
00.50808470 10.00 Yonsei    SPT  0.10   0.10   -805912369.6938  8704672171.6637    0.10497724   147.3989   0.01207468  -133.9668    0.04999675    23.3027    0.00762902   -77.0461    0.01857055    0.01936306    0.01936306    0.01857055
00.67429630 10.00     SG  SPART  0.10   0.10  -3284714399.0868  -931353758.6218    0.60563404   -28.3655   0.01931271   178.2795    0.03404602   109.4452    0.02224453    73.9933    0.01448585    0.01448585    0.01448585    0.01448585
00.67429630 10.00     SG    SPT  0.10   0.10  -3142545661.5075  7757167395.1160    0.13597591   116.4783   0.01058824  -171.8913    0.04937952   112.4035    0.04242869   159.4589    0.02012439    0.02012439    0.02012439    0.02012439
00.67429630 10.00  SPART    SPT  0.10   0.10    142168737.5793  8688521153.7378    0.08715431   -20.3552   0.04435568  -154.8328    0.03198476    24.1744    0.05985426   -30.3463    0.02790750    0.02790750    0.02790750    0.02790750
00.67429630 10.00 Yonsei     SG  0.10   0.10   2503153137.0682   962790294.9213    0.78035905   153.8433   0.02433436    38.4590    0.03650185    51.4940    0.01302565  -104.9898    0.00963935    0.01005072    0.01005072    0.00963935
00.67429630 10.00 Yonsei  SPART  0.10   0.10   -781561262.0186    31436536.2995    2.14860743   146.2604   0.19054237   156.3214    0.02665204    34.6076    0.02944180  -152.8626    0.01336738    0.01393784    0.01393784    0.01336738
00.67429630 10.00 Yonsei    SPT  0.10   0.10   -639392524.4393  8719957690.0373    0.08634994   165.0474   0.03355254    63.4275    0.01061318  -144.6079    0.02781426   -76.9891    0.01857055    0.01936306    0.01936306    0.01857055
00.84050789 10.00     SG  SPART  0.10   0.10  -3328327247.5219  -861414349.9858    0.60531181   -86.0236   0.03428714    93.1246    0.01803056    58.7851    0.01186841    98.3797    0.01448585    0.01448585    0.01448585    0.01448585
00.84050789 10.00     SG    SPT  0.10   0.10  -3013322936.6940  7822271749.8753    0.13518404     7.4176   0.02069132    40.4665    0.01458757    98.9025    0.03263234   169.5384    0.02012439    0.02012439    0.02012439    0.02012439
00.84050789 10.00  SPART    SPT  0.10   0.10    315004310.8279  8683686099.8611    0.17144277   -26.6957   0.04423863    67.3271    0.06486884    35.5519    0.07601589   -89.3981    0.02790750    0.02790750    0.02790750    0.02790750
00.84050789 10.00 Yonsei     SG  0.10   0.10   2541667377.5201   909436364.5637    0.77027774   -89.7419   0.02419505   171.1079    0.04524736   158.3460    0.00745356   -77.4826    0.00963935    0.01005072    0.01005072    0.00963935
00.84050789 10.00 Yonsei  SPART  0.10   0.10   -786659870.0018    48022014.5779    2.16375159  -155.1166   0.14841516  -135.5214    0.02886836   117.4182    0.02200992    33.3696    0.01336738    0.01393784    0.01393784    0.01336738
00.84050789 10.00 Yonsei    SPT  0.10   0.10   -471655559.1739  8731708114.4390    0.07705429  -169.8653   0.02158773    12.7304    0.01606893   106.5862    0.00819308    91.4311    0.01857055    0.01936306    0.01936306    0.01857055
01.00671948 10.00     SG  SPART  0.10   0.10  -3365604435.8716  -790619449.7863    0.59844667  -132.9092   0.02355984   -28.1710    0.02656024   -25.8629    0.02426825  -148.9336    0.01448585    0.01448585    0.01448585    0.01448585
01.00671948 10.00     SG    SPT  0.10   0.10  -2878364180.4044  7884582126.0771    0.13073091   -30.6542   0.04453591   109.4370    0.04161919   116.7598    0.02757731    -1.7957    0.02012439    0.02012439    0.02012439    0.02012439
01.00671948 10.00  SPART    SPT  0.10   0.10    487240255.4672  8675201575.8635    0.08791025   -57.7459   0.06338426    -6.5371    0.01692489   -85.0979    0.04149949   139.4892    0.02790750    0.02790750    0.02790750    0.02790750
01.00671948 10.00 Yonsei     SG  0.10   0.10   2575343409.6600   855318951.1911    0.76167218   173.4659   0.01653460    48.8686    0.03411068    69.6145    0.00210667   -20.4313    0.00963935    0.01005072    0.01005072    0.00963935
01.00671948 10.00 Yonsei  SPART  0.10   0.10   -790261026.2116    64699501.4048    2.15346630    61.2222   0.18226412    82.1657    0.02342507  -159.7759    0.02019841  -162.0191    0.01336738    0.01393784    0.01393784    0.01336738
01.00671948 10.00 Yonsei    SPT  0.10   0.10   -303020770.7444  8739901077.2682    0.12644095    50.8466   0.02667730  -145.7853    0.02094579     0.2240    0.03784000   170.9569    0.01857055    0.01936306    0.01936306    0.01857055
01.17293108 10.00     SG  SPART  0.10   0.10  -3396475004.8892  -719103820.1397    0.60528587   -89.2468   0.00678749    81.4717    0.03202925    11.0646    0.01230401   -66.4175    0.01448585    0.01448585    0.01448585    0.01448585
01.17293108 10.00     SG    SPT  0.10   0.10  -2737926294.3019  7943979912.3787    0.10376482   143.7487   0.01725135    35.6045    0.04518257   -72.9729    0.02053551    25.3634    0.02012439    0.02012439    0.02012439    0.02012439
01.17293108 10.00  SPART    SPT  0.10   0.10    658548710.5873  8663083732.5185    0.15483330    99.6644   0.03429500    49.3310    0.03870063    72.5313    0.02186200  -154.6404    0.02790750    0.02790750    0.02790750    0.02790750
01.17293108 10.00 Yonsei     SG  0.10   0.10   2604117129.2466   800541070.3758    0.76642316    26.8590   0.03020791   -43.9919    0.02600246  -107.3173    0.01217206     5.1996    0.00963935    0.01005072    0.01005072    0.00963935
01.17293108 10.00 Yonsei  SPART  0.10   0.10   -792357875.6425    81437250.2361    2.17432855   -40.5000   0.15158956   -24.6953    0.02113838  -159.5590    0.02428767   110.3281    0.01336738    0.01393784    0.01393784    0.01336738
01.17293108 10.00 Yonsei    SPT  0.10   0.10   -133809165.0552  8744520982.7545    0.06653803    84.2808   0.02315274   126.7296    0.00609046   -77.0845    0.00902986   176.4984    0.01857055    0.01936306    0.01936306    0.01857055
01.33914267 10.00     SG  SPART  0.10   0.10  -3420880190.6919  -647003595.1116    0.59336056  -164.9656   0.02321833    53.2933    0.00157616    62.2499    0.03488489   175.6530    0.01448585    0.01448585    0.01448585    0.01448585
01.33914267 10.00     SG    SPT  0.10   0.10  -2592276609.8846  8000352041.7180    0.08665122    12.9781   0.01988850  -157.4733    0.01886932   -78.8736    0.02954433    79.9971    0.02012439    0.02012439    0.02012439    0.02012439
01.33914267 10.00  SPART    SPT  0.10   0.10    828603580.8073  8647355636.8297    0.10217830    44.8636   0.02998100   -72.5845    0.03465223    75.9985    0.04223968   -27.6195    0.02790750    0.02790750    0.02790750    0.02790750
01.33914267 10.00 Yonsei     SG  0.10   0.10   2627933763.8694   745206994.9272    0.74300924   122.9579   0.01699860     2.9563    0.03880474   -34.2373    0.00462639   -13.2349    0.00963935    0.01005072    0.01005072    0.00963935
01.33914267 10.00 Yonsei  SPART  0.10   0.10   -792946426.8225    98203399.8156    2.16006657   -20.5922   0.21969536    -4.8214    0.03054190   129.9519    0.01977309  -111.2612    0.01336738    0.01393784    0.01393784    0.01336738
01.33914267 10.00 Yonsei    SPT  0.10   0.10     35657153.9848  8745559036.6453    0.07749979    52.8073   0.04277714    10.3982    0.02835089   -52.7243    0.01057701  -148.1427    0.01857055    0.01936306    0.01936306    0.01857055
01.50535426 10.00     SG  SPART  0.10   0.10  -3438773536.6215  -574456021.5783    0.61739555   133.8168   0.03154091   -94.1070    0.02513974   -81.4338    0.02260145    25.8937    0.01448585    0.01448585    0.01448585    0.01448585
01.50535426 10.00     SG    SPT  0.10   0.10  -2441692379.6051  8053591206.5428    0.12896002    24.0395   0.03197883   132.3819    0.06052823   -17.4842    0.03838334  -126.3479    0.02012439    0.02012439    0.02012439    0.02012439
01.50535426 10.00  SPART    SPT  0.10   0.10    997081157.0165  8628047228.1212    0.09387147   152.3419   0.02804091   -35.1557    0.06312340    49.4245    0.01675734   -33.7723    0.02790750    0.02790750    0.02790750    0.02790750
01.50535426 10.00 Yonsei     SG  0.10   0.10   2646747977.2107   689422056.4030    0.77522968    86.2468   0.04609236     1.6826    0.03299827   -32.3516    0.01602224   -72.2015    0.00963935    0.01005072    0.01005072    0.00963935
01.50535426 10.00 Yonsei  SPART  0.10   0.10   -792025559.4109   114966034.8246    2.16015951  -120.4656   0.18273732   -97.5257    0.01442477   -85.4796    0.00517281   143.8714    0.01336738    0.01393784    0.01393784    0.01336738
01.50535426 10.00 Yonsei    SPT  0.10   0.10    205055597.6056  8743013262.9458    0.08997438    46.4405   0.03784183   174.6728    0.03435152   170.1930    0.01064099    46.7390    0.01857055    0.01936306    0.01936306    0.01857055
01.67156586 10.00     SG  SPART  0.10   0.10  -3450120981.6771  -501599197.9694    0.61109247  -101.1721   0.03552045    22.5478    0.00882070   157.8885    0.01024267   167.9079    0.01448585    0.01448585    0.01448585    0.01448585
01.67156586 10.00     SG    SPT  0.10   0.10  -2286460249.1042  8103596063.0769    0.11145033    61.5896   0.03077423   -11.8960    0.01962596   152.4660    0.02964014    44.3116    0.02012439    0.02012439    0.02012439    0.02012439
01.67156586 10.00  SPART    SPT  0.10   0.10   1163660732.5729  8605195261.0463    0.05138704    72.0384   0.05215155   -91.3782    0.04450247   -10.8727    0.04345320  -109.2568    0.02790750    0.02790750    0.02790750    0.02790750
01.67156586 10.00 Yonsei     SG  0.10   0.10   2660523955.3460   633292444.6042    0.78893778  -116.7497   0.05346536   168.2690    0.02870312    91.9724    0.01055729    27.2628    0.00963935    0.01005072    0.01005072    0.00963935
01.67156586 10.00 Yonsei  SPART  0.10   0.10   -789597026.3311   131693246.6348    2.15997699   162.8307   0.19080676   179.2064    0.02955049    -0.7159    0.01064376   -88.6257    0.01336738    0.01393784    0.01393784    0.01336738
01.67156586 10.00 Yonsei    SPT  0.10   0.10    374063706.2418  8736888507.6811    0.09363012  -143.7375   0.00317584    81.8789    0.01207347   137.0203    0.02488793   -82.0201    0.01857055    0.01936306    0.01936306    0.01857055
01.83777745 10.00     SG  SPART  0.10   0.10  -3454900925.3520  -428571811.3894    0.62738341    81.7842   0.02355432   121.9920    0.04451117  -147.2534    0.01644608    40.5048    0.01448585    0.01448585    0.01448585    0.01448585
01.83777745 10.00     SG    SPT  0.10   0.10  -2126875711.5653  8150271424.2338    0.18362263  -175.2408   0.02732860   -27.9075    0.02074687    33.1419    0.02805987   -67.6403    0.02012439    0.02012439    0.02012439    0.02012439
01.83777745 10.00  SPART    SPT  0.10   0.10   1328025213.7868  8578843235.6233    0.08991086   -17.6323   0.06432514   153.1265    0.01741779   165.7374    0.02966015   -60.2277    0.02790750    0.02790750    0.02790750    0.02790750
01.83777745 10.00 Yonsei     SG  0.10   0.10   2669235474.9180   576925005.4371    0.77829627    12.0628   0.02822390   -99.4906    0.02912981   -85.0318    0.01223421  -153.4853    0.00963935    0.01005072    0.01005072    0.00963935
01.83777745 10.00 Yonsei  SPART  0.10   0.10   -785665450.4340   148353194.0476    2.16215176   115.1612   0.17091824   137.7706    0.02296225   -55.8842    0.03421713   162.1992    0.01336738    0.01393784    0.01393784    0.01336738
01.83777745 10.00 Yonsei    SPT  0.10   0.10    542359763.3528  8727196429.6709    0.08321395   147.0339   0.00416676    15.8442    0.03837955  -140.6011    0.03379802    27.1137    0.01857055    0.01936306    0.01936306    0.01857055
02.00398904 10.00     SG  SPART  0.10   0.10  -3453104268.7518  -355512873.6194    0.62962316   152.8019   0.04533610   -78.3621    0.00362897   -83.6261    0.02696657    50.0995    0.01448585    0.01448585    0.01448585    0.01448585
02.00398904 10.00     SG    SPT  0.10   0.10  -1963242545.2257  8193528440.8108    0.11004562  -107.2027   0.02415960  -142.0726    0.03033042  -116.4833    0.02432856    34.3092    0.02012439    0.02012439    0.02012439    0.02012439
02.00398904 10.00  SPART    SPT  0.10   0.10   1489861723.5261  8549041314.4302    0.12052892   -18.3056   0.00499721   -25.4787    0.06195931   -21.3440    0.02359865   115.0529    0.02790750    0.02790750    0.02790750    0.02790750
02.00398904 10.00 Yonsei     SG  0.10   0.10   2672865953.0541   520427037.5258    0.78036673   138.4060   0.03203189    90.5572    0.01223849    70.6612    0.00887044   -42.4299    0.00963935    0.01005072    0.01005072    0.00963935
02.00398904 10.00 Yonsei  SPART  0.10   0.10   -780238315.6977   164914163.9064    2.15397487   -48.7982   0.20223850   -22.6661    0.02913289   139.3393    0.00363399   138.3897    0.01336738    0.01393784    0.01393784    0.01336738
02.00398904 10.00 Yonsei    SPT  0.10   0.10    709623407.8285  8713955478.3366    0.04738329   -42.5359   0.03435083   109.7908    0.02817600   -58.9475    0.02606572  -140.9173    0.01857055    0.01936306    0.01936306    0.01857055
02.17020064 10.00     SG  SPART  0.10   0.10  -3444734431.9144  -282561456.4998    0.62934052   157.9093   0.03381551  -122.2381    0.01995214   -18.2750    0.00817867  -148.4309    0.01448585    0.01448585    0.01448585    0.01448585
02.17020064 10.00     SG    SPT  0.10   0.10  -1795872235.1178  8233284770.6181    0.11487301   112.6360   0.01397475    96.2487    0.02716260   -66.8221    0.04801072    91.9584    0.02012439    0.02012439    0.02012439    0.02012439
02.17020064 10.00  SPART    SPT  0.10   0.10   1648862196.7966  8515846227.1179    0.08603458  -118.9275   0.01028518   -61.4355    0.02964906     7.1256    0.03202594  -177.0864    0.02790750    0.02790750    0.02790750    0.02790750
02.17020064 10.00 Yonsei     SG  0.10   0.10   2671408478.9328   463906087.9634    0.79422664  -146.3750   0.02831548   123.5462    0.03406262    99.2528    0.01735359   -25.8584    0.00963935    0.01005072    0.01005072    0.00963935
02.17020064 10.00 Yonsei  SPART  0.10   0.10   -773325952.9815   181344631.4636    2.15635491    31.6351   0.16559159    55.7063    0.02190168   -75.5140    0.01885618   118.5025    0.01336738    0.01393784    0.01393784    0.01336738
02.17020064 10.00 Yonsei    SPT  0.10   0.10    875536243.8150  8697190858.5815    0.10228487  -108.1401   0.03827573   -46.9886    0.04315688   149.9027    0.02225199   -96.1263    0.01857055    0.01936306    0.01936306    0.01857055
02.33641223 10.00     SG  SPART  0.10   0.10  -3429807347.2999  -209856427.1994    0.64935192    85.3325   0.02274504  -145.2870    0.04737490  -104.6426    0.02852109    88.7110    0.01448585    0.01448585    0.01448585    0.01448585
02.33641223 10.00     SG    SPT  0.10   0.10  -1625083380.1397  8269464735.2224    0.11349725     6.5063   0.01951859    97.3486    0.02707460   -93.3898    0.03102172   -62.6039    0.02012439    0.02012439    0.02012439    0.02012439
02.33641223 10.00  SPART    SPT  0.10   0.10   1804723967.1602  8479321162.4218    0.12564208   160.9414   0.04320752  -145.3316    0.01278696  -143.2312    0.02264918     0.8324    0.02790750    0.02790750    0.02790750    0.02790750
02.33641223 10.00 Yonsei     SG  0.10   0.10   2664865826.9389   407469747.5899    0.79698662   -73.2922   0.05367526  -168.4732    0.01105277  -159.0615    0.02466692   -88.3754    0.00963935    0.01005072    0.01005072    0.00963935
02.33641223 10.00 Yonsei  SPART  0.10   0.10   -764941520.3610   197613320.3906    2.16439005    29.8376   0.18173536    49.6670    0.02305331  -123.3154    0.01159213   -45.3998    0.01336738    0.01393784    0.01393784    0.01336738
02.33641223 10.00 Yonsei    SPT  0.10   0.10   1039782446.7992  8676934482.8123    0.10256279  -147.2487   0.03652124   -76.4770    0.03721921    35.7268    0.01974446    76.9647    0.01857055    0.01936306    0.01936306    0.01857055
02.50262383 10.00     SG  SPART  0.10   0.10  -3408351429.4623  -137536183.8736    0.62955164    51.2591   0.03013243   161.2591    0.01881755   165.4657    0.01680231    23.1476    0.01448585    0.01448585    0.01448585    0.01448585
02.50262383 10.00     SG    SPT  0.10   0.10  -1451201086.5838  8301999464.0047    0.13179918   -21.0047   0.00403000   -49.8738    0.01226751   -48.1444    0.03044445    99.2963    0.02012439    0.02012439    0.02012439    0.02012439
02.50262383 10.00  SPART    SPT  0.10   0.10   1957150342.8785  8439535647.8784    0.08665954  -145.4573   0.05201922   -55.7016    0.05392581  -179.9384    0.03224279    56.4958    0.02790750    0.02790750    0.02790750    0.02790750
02.50262383 10.00 Yonsei     SG  0.10   0.10   2653250451.3824   351225446.1868    0.79630877    -0.4896   0.01742806   -68.6714    0.02979452   -94.1498    0.01961758   177.0586    0.00963935    0.01005072    0.01005072    0.00963935
02.50262383 10.00 Yonsei  SPART  0.10   0.10   -755100978.0799   213689262.3132    2.16683201    71.5763   0.18000658   103.0176    0.03336953  -104.7793    0.00979422   -94.9128    0.01336738    0.01393784    0.01393784    0.01336738
02.50262383 10.00 Yonsei    SPT  0.10   0.10   1202049364.7986  8653224910.1915    0.10343146   -88.5526   0.03292624    71.8174    0.03281406   165.5580    0.02211998   -49.9308    0.01857055    0.01936306    0.01936306    0.01857055
02.66883542 10.00    AMT  SPART  0.10   0.10  -6602298560.6371 -5821538914.7225    0.05870643  -102.7682   0.02587576   -12.2891    0.01020928    38.9419    0.03753848   134.9576    0.01556030    0.01489785    0.01489785    0.01556030
02.66883542 10.00    AMT    SPT  0.10   0.10  -4496447388.9551  2575026502.7534    0.27971169  -123.1220   0.03119998    -4.6622    0.02846692   -73.5264    0.04349535   149.0439    0.02161706    0.02069676    0.02069676    0.02161706
02.66883542 10.00     SG    AMT  0.10   0.10   3221891039.6764  5755800522.5063    0.10604232  -126.9956   0.02309264   -56.1895    0.00991119   -58.3975    0.00343244  -169.3238    0.01074299    0.01074299    0.01074299    0.01074299
02.66883542 10.00     SG  SPART  0.10   0.10  -3380407520.9608   -65738392.2162    0.63917693    34.1792   0.03728580   128.7312    0.00731209   -59.1383    0.03406342     9.6302    0.01448585    0.01448585    0.01448585    0.01448585
02.66883542 10.00     SG    SPT  0.10   0.10  -1274556349.2787  8330827025.2597    0.14527489   -21.5049   0.03967199   -85.9819    0.00635561    18.9131    0.02350802   131.6153    0.02012439    0.02012439    0.02012439    0.02012439
02.66883542 10.00  SPART    SPT  0.10   0.10   2105851171.6820  8396565417.4760    0.09944817  -161.7817   0.02902004  -107.0240    0.04074759  -158.6770    0.01472968   -54.5622    0.02790750    0.02790750    0.02790750    0.02790750
02.66883542 10.00 Yonsei    AMT  0.10   0.10   5858475502.4671  6051080770.4848    0.09548322     4.2529   0.02152953   139.8176    0.01532871  -155.2092    0.00469331   157.1280    0.00991351    0.01037418    0.01037418    0.00991351
02.66883542 10.00 Yonsei     SG  0.10   0.10   2636584462.7908   295280247.9785    0.81595431  -175.3350   0.04268207   107.7677    0.01691192    97.9647    0.01842815  -129.0183    0.00963935    0.01005072    0.01005072    0.00963935
02.66883542 10.00 Yonsei  SPART  0.10   0.10   -743823058.1700   229541855.7623    2.18151259  -120.6168   0.19654120  -105.0504    0.03806049    30.5029    0.02734021   162.9085    0.01336738    0.01393784    0.01393784    0.01336738
02.66883542 10.00 Yonsei    SPT  0.10   0.10   1362028113.5120  8626107273.2382    0.07837274    87.5716   0.04665816  -116.4197    0.02115857   109.3887    0.02784768   167.5289    0.01857055    0.01936306    0.01936306    0.01857055
02.83504701 10.00    AMT  SPART  0.10   0.10  -6743316912.6353 -5680395927.2800    0.05359558    86.8982   0.00864388    -8.8494    0.00929469   123.7168    0.00243817   -38.8278    0.01556030    0.01489785    0.01489785    0.01556030
02.83504701 10.00    AMT    SPT  0.10   0.10  -4492773519.5438  2670096340.2103    0.29663097   109.4776   0.05134141   143.2791    0.02278342   165.0952    0.04119060  -108.9853    0.02161706    0.02069676    0.02069676    0.02161706
02.83504701 10.00     SG    AMT  0.10   0.10   3397288098.0221  5685796203.8757    0.11527809  -122.9480   0.00714643   -61.7916    0.00852722    50.1432    0.01495639  -126.4961    0.01074299    0.01074299    0.01074299    0.01074299
02.83504701 10.00     SG  SPART  0.10   0.10  -3346028814.6132     5400276.5957    0.64357927  -142.9510   0.03857487   -77.0707    0.02988859    22.0151    0.01415357    60.0570    0.01448585    0.01448585    0.01448585    0.01448585
02.83504701 10.00     SG    SPT  0.10   0.10  -1095485421.5217  8355892544.0861    0.12269087  -168.9427   0.01387736  -140.3359    0.02068111   133.4295    0.01651283    56.7922    0.02012439    0.02012439    0.02012439    0.02012439
02.83504701 10.00  SPART    SPT  0.10   0.10   2250543393.0915  8350492267.4903    0.09231313  -114.2012   0.04714237  -166.7499    0.02122942   102.2835    0.02535409   148.1089    0.02790750    0.02790750    0.02790750    0.02790750
02.83504701 10.00 Yonsei    AMT  0.10   0.10   6012187683.8426  5925536851.7053    0.08488683  -149.9601   0.01277401  -128.9917    0.01467677   -27.2412    0.01252534   -70.0454    0.00991351    0.01037418    0.01037418    0.00991351
02.83504701 10.00 Yonsei     SG  0.10   0.10   2614899585.8205   239740647.8295    0.82568245    24.7965   0.06332162   -34.3438    0.02004549  -150.4529    0.00860003  -134.2911    0.00963935    0.01005072    0.01005072    0.00963935
02.83504701 10.00 Yonsei  SPART  0.10   0.10   -731129228.7927   245140924.4252    2.17114708   -97.0883   0.18479415   -82.4773    0.04873380    99.8966    0.00850472   -98.3342    0.01336738    0.01393784    0.01393784    0.01336738
02.83504701 10.00 Yonsei    SPT  0.10   0.10   1519414164.2988  8595633191.9156    0.09070307   145.4384   0.02765218   158.4704    0.02514739    -0.7359    0.00528126  -177.2477    0.01857055    0.01936306    0.01936306    0.01857055
03.00125861 10.00    AMT  SPART  0.10   0.10  -6871498977.6253 -5536405881.1049    0.07830562   179.3296   0.01079469   145.0364    0.02050326   -75.7690    0.04083564  -105.1600    0.01556030    0.01489785    0.01489785    0.01556030
03.00125861 10.00    AMT    SPT  0.10   0.10  -4480547400.3856  2764998019.6762    0.25064685    83.3821   0.01437662   -45.8892    0.03505235  -122.2147    0.04671296   129.4039    0.02161706    0.02069676    0.02069676    0.02161706
03.00125861 10.00     SG    AMT  0.10   0.10   3566218225.3840  5612150287.1678    0.11239683   170.8637   0.01721759  -102.8789    0.00089167   173.1591    0.02110339    51.3639    0.01074299    0.01074299    0.01074299    0.01074299
03.00125861 10.00     SG  SPART  0.10   0.10  -3305280752.2413    75744406.0629    0.65366054   -85.4981   0.03543129    19.7713    0.01559084    42.1820    0.02285427   -77.4923    0.01448585    0.01448585    0.01448585    0.01448585
03.00125861 10.00     SG    SPT  0.10   0.10   -914329175.0016  8377148306.8440    0.11850098   129.7982   0.03183631    64.8808    0.01730479   130.8170    0.02409702  -171.2906    0.02012439    0.02012439    0.02012439    0.02012439
03.00125861 10.00  SPART    SPT  0.10   0.10   2390951577.2397  8301403900.7811    0.10363725    90.8153   0.03824579   150.0869    0.04720795   106.6804    0.02208930    54.1120    0.02790750    0.02790750    0.02790750    0.02790750
03.00125861 10.00 Yonsei    AMT  0.10   0.10   6154455324.2515  5796862655.6932    0.09020971    56.0072   0.01319127   -11.2449    0.00518794   120.3659    0.00212823  -117.9739    0.00991351    0.01037418    0.01037418    0.00991351
03.00125861 10.00 Yonsei     SG  0.10   0.10   2588237098.8675   184712368.5254    0.84778199   -82.9299   0.04930809  -136.0373    0.00879574    61.0954    0.00450693   -94.9315    0.00963935    0.01005072    0.01005072    0.00963935
03.00125861 10.00 Yonsei  SPART  0.10   0.10   -717043653.3737   260456774.5883    2.18495372  -147.9921   0.16005669  -129.3201    0.02628908    75.0766    0.02208761    68.9502    0.01336738    0.01393784    0.01393784    0.01336738
03.00125861 10.00 Yonsei    SPT  0.10   0.10   1673907923.8660  8561860675.3694    0.06626840   -15.6811   0.02778190    46.8277    0.03949186    52.7266    0.02136044   -93.7098    0.01857055    0.01936306    0.01936306    0.01857055
03.16747020 10.00    AMT  SPART  0.10   0.10  -6986600753.7608 -5389842869.4341    0.05105440   100.3747   0.01059047   115.4453    0.02639627  -106.3209    0.00168588    -4.7546    0.01556030    0.01489785    0.01489785    0.01556030
03.16747020 10.00    AMT    SPT  0.10   0.10  -4459792304.5930  2859550890.4103    0.26834669    45.6875   0.02252434   167.1775    0.01421695   120.3182    0.00597328   -84.0868    0.02161706    0.02069676    0.02069676    0.02161706
03.16747020 10.00     SG    AMT  0.10   0.10   3728359853.6633  5535002961.5708    0.12777313    32.0434   0.02325305    84.8079    0.00730762   145.0909    0.02869500   121.2656    0.01074299    0.01074299    0.01074299    0.01074299
03.16747020 10.00     SG  SPART  0.10   0.10  -3258240900.0975   145160092.1367    0.66502150    51.3951   0.06050310   127.2089    0.01931520    64.0648    0.00430479   171.7173    0.01448585    0.01448585    0.01448585    0.01448585
03.16747020 10.00     SG    SPT  0.10   0.10   -731432450.9297  8394553851.9811    0.12887774   -60.6162   0.02743670    69.4887    0.03156971    87.9701    0.02735044   -46.3896    0.02012439    0.02012439    0.02012439    0.02012439
03.16747020 10.00  SPART    SPT  0.10   0.10   2526808449.1678  8249393759.8444    0.10953288   147.0879   0.03085410   -54.9066    0.00968320   -59.6035    0.02635983   174.9712    0.02790750    0.02790750    0.02790750    0.02790750
03.16747020 10.00 Yonsei    AMT  0.10   0.10   6285007609.1544  5665303121.0942    0.07494159    -3.8194   0.02872915   142.8271    0.01558881  -117.2716    0.01286836   130.2817    0.00991351    0.01037418    0.01037418    0.00991351
03.16747020 10.00 Yonsei     SG  0.10   0.10   2556647755.4911   130300159.5234    0.84130810    -6.6779   0.06672193   -77.9247    0.01264277  -175.3156    0.02156238   129.3236    0.00963935    0.01005072    0.01005072    0.00963935
03.16747020 10.00 Yonsei  SPART  0.10   0.10   -701593144.6065   275460251.6601    2.19110289    65.1554   0.21192321    91.2908    0.02999030   -81.5246    0.03388425    74.0437    0.01336738    0.01393784    0.01393784    0.01336738
03.16747020 10.00 Yonsei    SPT  0.10   0.10   1825215304.5614  8524854011.5045    0.10573626  -127.0946   0.01591785   125.3413    0.00671136   -93.5192    0.01797084   -85.3433    0.01857055    0.01936306    0.01936306    0.01857055
03.33368179 10.00    AMT  SPART  0.10   0.10  -7088403138.2692 -5240985883.2902    0.04233769    57.3400   0.03150875   163.1763    0.01400564    18.7529    0.01532624    40.3841    0.01556030    0.01489785    0.01489785    0.01556030
03.33368179 10.00    AMT    SPT  0.10   0.10  -4430547740.6706  2953574965.6492    0.24764997   -79.0682   0.02009079   -39.8798    0.01666637  -126.1750    0.05001371   -81.1396    0.02161706    0.02069676    0.02069676    0.02161706
03.33368179 10.00     SG    AMT  0.10   0.10   3883404337.0551  5454501081.4037    0.11913368    69.7429   0.00934716   114.3503    0.01119953   -76.0165    0.01334931    96.6722    0.01074299    0.01074299    0.01074299    0.01074299
03.33368179 10.00     SG  SPART  0.10   0.10  -3204998801.2141   213515198.1135    0.66016993    64.7464   0.04371499   139.6148    0.01855062  -127.0092    0.02155217    57.3114    0.01448585    0.01448585    0.01448585    0.01448585
03.33368179 10.00     SG    SPT  0.10   0.10   -547143403.6156  8408076047.0529    0.13515062  -125.5137   0.00881438    73.7557    0.02485235    35.4091    0.01704955   127.0748    0.02012439    0.02012439    0.02012439    0.02012439
03.33368179 10.00  SPART    SPT  0.10   0.10   2657855397.5986  8194560848.9394    0.10220753    72.0416   0.03007514   -52.7236    0.03602805   177.2289    0.04014621  -132.3914    0.02790750    0.02790750    0.02790750    0.02790750
03.33368179 10.00 Yonsei    AMT  0.10   0.10   6403596024.8567  5531108678.9596    0.06949617    23.7656   0.01502084   110.1195    0.02461429  -156.3553    0.01655257  -143.8881    0.00991351    0.01037418    0.01037418    0.00991351
03.33368179 10.00 Yonsei     SG  0.10   0.10   2520191687.8016    76607597.5559    0.86478964    -5.0471   0.05381140   -53.8441    0.01106999  -122.4376    0.01513333  -128.0611    0.00963935    0.01005072    0.01005072    0.00963935
03.33368179 10.00 Yonsei  SPART  0.10   0.10   -684807113.4125   290122795.6694    2.20914182    77.9586   0.18380501   101.2845    0.02735085   -82.9438    0.00720486    54.4471    0.01336738    0.01393784    0.01393784    0.01336738
03.33368179 10.00 Yonsei    SPT  0.10   0.10   1973048284.1861  8484683644.6088    0.10929079   146.2774   0.01458509  -132.7584    0.01878808    45.3049    0.02852942   129.1631    0.01857055    0.01936306    0.01936306    0.01857055
03.49989339 10.00    AMT  SPART  0.10   0.10  -7176712344.5254 -5090118280.4069    0.04927380   -29.5829   0.03411568  -120.4219    0.03173058   -44.4316    0.03225978  -119.8381    0.01556030    0.01489785    0.01489785    0.01556030
03.49989339 10.00    AMT    SPT  0.10   0.10  -4392869377.3080  3046891265.2217    0.23841038   176.5442   0.04215952   170.2168    0.03827318   -85.8845    0.02529996  -104.0935    0.02161706    0.02069676    0.02069676    0.02161706
03.49989339 10.00     SG    AMT  0.10   0.10   4031056539.5729  5370797886.5708    0.12064492  -161.0998   0.01169887   170.1985    0.01989089   -19.5242    0.01958788   173.8940    0.01074299    0.01074299    0.01074299    0.01074299
03.49989339 10.00     SG  SPART  0.10   0.10  -3145655804.9524   280679606.1638    0.68519264   118.2632   0.03274771  -167.8709    0.02033118   -98.3284    0.02234167   131.7719    0.01448585    0.01448585    0.01448585    0.01448585
03.49989339 10.00     SG    SPT  0.10   0.10   -361812837.7351  8417689151.7925    0.11928396   -95.1960   0.02342832  -135.2457    0.01806016   -99.5345    0.01791604   -29.2071    0.02012439    0.02012439    0.02012439    0.02012439
03.49989339 10.00  SPART    SPT  0.10   0.10   2783842967.2173  8137009545.6286    0.10979018    55.2301   0.04207812   -93.3531    0.03789787   169.3211    0.03173709   -65.2737    0.02790750    0.02790750    0.02790750    0.02790750
03.49989339 10.00 Yonsei    AMT  0.10   0.10   6509994831.5691  5394534776.0372    0.09236870   110.8376   0.00419170   163.9815    0.01423823    18.8437    0.00842131  -105.7016    0.00991351    0.01037418    0.01037418    0.00991351
03.49989339 10.00 Yonsei     SG  0.10   0.10   2478938291.9962    23736889.4664    0.88343629   -47.7449   0.05887810   -94.6473    0.01936990   170.5683    0.00589174  -149.9687    0.00963935    0.01005072    0.01005072    0.00963935
03.49989339 10.00 Yonsei  SPART  0.10   0.10   -666717512.9563   304416495.6303    2.20939790    87.2367   0.18939095   106.2133    0.02469555   -54.7087    0.02493527   -95.2772    0.01336738    0.01393784    0.01393784    0.01336738
03.49989339 10.00 Yonsei    SPT  0.10   0.10   2117125454.2611  8441426041.2589    0.12985499   133.4789   0.04019784   -49.6493    0.01880006  -171.6085    0.02349911   -28.6566    0.01857055    0.01936306    0.01936306    0.01857055
03.66610498 10.00    AMT  SPART  0.10   0.10  -7251360270.9361 -4937527245.8411    0.03376932   -54.7187   0.01906590    21.9712    0.02260141   127.2004    0.02879022    62.1425    0.01556030    0.01489785    0.01489785    0.01556030
03.66610498 10.00    AMT    SPT  0.10   0.10  -4346828937.4114  3139322156.2478    0.25594030   -64.7833   0.03165640    90.1703    0.02169509   122.2179    0.02107757  -169.3149    0.02161706    0.02069676    0.02069676    0.02161706
03.66610498 10.00     SG    AMT  0.10   0.10   4171035396.8575  5284052710.8608    0.12673356   -79.8955   0.01368793    26.6851    0.01593731   121.6939    0.02596923   162.0420    0.01074299    0.01074299    0.01074299    0.01074299
03.66610498 10.00     SG  SPART  0.10   0.10  -3080324874.0786   346525465.0197    0.69507758  -152.0110   0.07053970   -59.9586    0.00964661   105.1835    0.01072788   161.1271    0.01448585    0.01448585    0.01448585    0.01448585
03.66610498 10.00     SG    SPT  0.10   0.10   -175793540.5539  8423374867.1086    0.13333004    79.5482   0.02296661   -91.6982    0.01163021    68.7117    0.01943778   -54.9704    0.02012439    0.02012439    0.02012439    0.02012439
03.66610498 10.00  SPART    SPT  0.10   0.10   2904531333.5247  8076849402.0889    0.06688251   159.8181   0.03202715  -163.1672    0.04727833    41.9155    0.01829380   -99.2791    0.02790750    0.02790750    0.02790750    0.02790750
03.66610498 10.00 Yonsei    AMT  0.10   0.10   6604001493.1157  5255841388.5135    0.06085681  -102.0188   0.00951665   -81.1680    0.00457135  -164.3118    0.01992157    89.2255    0.00991351    0.01037418    0.01037418    0.00991351
03.66610498 10.00 Yonsei     SG  0.10   0.10   2432966096.2583   -28211322.3473    0.89564941    25.0049   0.06063517   -35.8135    0.00256396   -15.9295    0.01087726    31.3683    0.00963935    0.01005072    0.01005072    0.00963935
03.66610498 10.00 Yonsei  SPART  0.10   0.10   -647358777.8204   318314142.6724    2.19634282  -110.1001   0.18352612   -81.1926    0.04833596    75.5291    0.00480561  -138.1763    0.01336738    0.01393784    0.01393784    0.01336738
03.66610498 10.00 Yonsei    SPT  0.10   0.10   2257172555.7044  8395163544.7613    0.08048468    61.1170   0.01971891   155.9440    0.02109617   -17.8968    0.01049686  -160.6101    0.01857055    0.01936306    0.01936306    0.01857055
03.83231657 10.00    AMT  SPART  0.10   0.10  -7312204820.9307 -4783503245.2998    0.05646118   139.3922   0.01096271     9.3946    0.01240572    84.7951    0.02004811    30.9552    0.01556030    0.01489785    0.01489785    0.01556030
03.83231657 10.00    AMT    SPT  0.10   0.10  -4292514061.5747  3230691691.2729    0.19885379    19.3334   0.03801704    77.9384    0.04668807   -18.2171    0.02292137    86.8402    0.02161706    0.02069676    0.02069676    0.02161706
03.83231657 10.00     SG    AMT  0.10   0.10   4303074451.1979  5194430678.6461    0.12328096    88.3410   0.02107321  -139.8427    0.01493464  -110.6600    0.02924871  -178.9462    0.01074299    0.01074299    0.01074299    0.01074299
03.83231657 10.00     SG  SPART  0.10   0.10  -3009130369.7328   410927433.3463    0.70599411  -149.0705   0.04618243   -68.4622    0.01150072  -174.3362    0.01550512    63.4030    0.01448585    0.01448585    0.01448585    0.01448585
03.83231657 10.00     SG    SPT  0.10   0.10     10560389.6232  8425122369.9191    0.10657528   -11.1114   0.02747026   126.4466    0.02222056  -177.3932    0.03754936  -111.5148    0.02012439    0.02012439    0.02012439    0.02012439
03.83231657 10.00  SPART    SPT  0.10   0.10   3019690759.3560  8014194936.5728    0.13076242    61.1986   0.01444644  -142.5918    0.02053951    68.4861    0.03688317   -43.5611    0.02790750    0.02790750    0.02790750    0.02790750
03.83231657 10.00 Yonsei    AMT  0.10   0.10   6685437062.4733  5115292527.1346    0.08141379   174.3031   0.00816860   -97.0551    0.01085504  -153.7560    0.01913962   157.4615    0.00991351    0.01037418    0.01037418    0.00991351
03.83231657 10.00 Yonsei     SG  0.10   0.10   2382362611.2753   -79138151.5116    0.93617136    99.5188   0.08312683    39.5955    0.01552810    43.9102    0.01211268   101.5705    0.00963935    0.01005072    0.01005072    0.00963935
03.83231657 10.00 Yonsei  SPART  0.10   0.10   -626767758.4574   331789281.8348    2.22982131   -31.5325   0.17218507    -5.7594    0.04502930  -171.9724    0.01754286  -166.8599    0.01336738    0.01393784    0.01393784    0.01336738
03.83231657 10.00 Yonsei    SPT  0.10   0.10   2392923000.8986  8345984218.4075    0.11304133    20.6132   0.01776020    38.2105    0.02142506   -41.6394    0.01201960   178.1162    0.01857055    0.01936306    0.01936306    0.01857055
03.99852817 10.00    AMT    SPT  0.10   0.10  -4230028141.2513  3320825943.1942    0.24165276   -80.8517   0.00493152  -118.3555    0.00444713   -90.3974    0.02385610    55.2083    0.02161706    0.02069676    0.02069676    0.02161706
03.99852817 10.00     SG    AMT  0.10   0.10   4426922358.7498  5102102390.5588    0.11229589   118.9046   0.00618331  -129.0461    0.01158722    97.3648    0.01491619    -3.2339    0.01074299    0.01074299    0.01074299    0.01074299
03.99852817 10.00     SG    SPT  0.10   0.10    196894217.4985  8422928333.7529    0.15716452   -69.2307   0.04596829    95.9726    0.02848963    89.4048    0.03706555   134.7491    0.02012439    0.02012439    0.02012439    0.02012439
03.99852817 10.00 Yonsei    AMT  0.10   0.10   6754146522.4070  4973155734.6463    0.08720509   121.1058   0.00941724  -123.1485    0.00303204  -107.0169    0.01987585    14.5822    0.00991351    0.01037418    0.01037418    0.00991351
03.99852817 10.00 Yonsei     SG  0.10   0.10   2327224163.6572  -128946655.9125    0.95777400    20.2075   0.08205251   -32.5881    0.01729886  -167.9801    0.01451633   -63.0481    0.00963935    0.01005072    0.01005072    0.00963935
03.99852817 10.00 Yonsei    SPT  0.10   0.10   2524118381.1557  8293981677.8404    0.07221979  -115.3830   0.03701800   149.7855    0.01712357   135.9056    0.02236697   -15.9420    0.01857055    0.01936306    0.01936306    0.01857055
04.16473976 10.00    AMT    SPT  0.10   0.10  -4159490121.9420  3409553336.3401    0.26048806   -80.1609   0.01420726   -76.7883    0.06042510    77.3252    0.04901772   115.5359    0.02161706    0.02069676    0.02069676    0.02161706
04.16473976 10.00     SG    AMT  0.10   0.10   4542343367.9820  5007243598.7427    0.14332192    72.3980   0.01391441  -155.6887    0.01206521   -88.9129    0.02558510     2.0485    0.01074299    0.01074299    0.01074299    0.01074299
04.16473976 10.00     SG    SPT  0.10   0.10    382853246.0400  8416796935.0827    0.12025156  -122.7089   0.02510106    86.9189    0.00500056    31.3137    0.00614863    18.3634    0.02012439    0.02012439    0.02012439    0.02012439
04.16473976 10.00 Yonsei    AMT  0.10   0.10   6809999080.5548  4829701576.5116    0.09601873    97.5983   0.01904899     5.4050    0.01015882     1.4915    0.00210270     7.1009    0.00991351    0.01037418    0.01037418    0.00991351
04.16473976 10.00 Yonsei     SG  0.10   0.10   2267655712.5728  -177542022.2311    0.98907347    34.6865   0.07775261    -9.4641    0.01960741  -124.6845    0.00712734   168.9101    0.00963935    0.01005072    0.01005072    0.00963935
04.16473976 10.00 Yonsei    SPT  0.10   0.10   2650508958.6128  8239254912.8516    0.08327161  -162.0208   0.01881426   -54.1099    0.01062959   152.5936    0.03862131   121.5543    0.01857055    0.01936306    0.01936306    0.01857055
04.33095135 10.00    AMT    SPT  0.10   0.10  -4081034276.7756  3496704973.0748    0.26070161    95.9868   0.01586056  -155.4105    0.01963767   -20.8553    0.02141395  -156.0937    0.02161706    0.02069676    0.02069676    0.02161706
04.33095135 10.00     SG    AMT  0.10   0.10   4649117768.4433  4910034872.2995    0.13175933  -128.6896   0.00966571    45.9735    0.00358362     4.7665    0.01492549  -116.0111    0.01074299    0.01074299    0.01074299    0.01074299
04.33095135 10.00     SG    SPT  0.10   0.10    568083491.6677  8406739845.3743    0.12525140  -155.4622   0.02220981   -78.2832    0.00965545    70.2241    0.02230593    -3.4359    0.02012439    0.02012439    0.02012439    0.02012439
04.33095135 10.00 Yonsei    AMT  0.10   0.10   6852888418.3977  4685203125.8740    0.08449768   173.1225   0.00717530   -91.9062    0.01498130   -13.5155    0.01030945   139.0862    0.00991351    0.01037418    0.01037418    0.00991351
04.33095135 10.00 Yonsei     SG  0.10   0.10   2203770649.9544  -224831746.4255    1.02463827   -33.2394   0.09014549   -85.3875    0.00535841  -175.9842    0.02332802   101.4933    0.00963935    0.01005072    0.01005072    0.00963935
04.33095135 10.00 Yonsei    SPT  0.10   0.10   2771854141.6221  8181908098.9487    0.11042738   124.6931   0.01566634   172.3285    0.04559813  -121.1089    0.01515416   138.1582    0.01857055    0.01936306    0.01936306    0.01857055
04.49716295 10.00    AMT    SPT  0.10   0.10  -3994809950.9125  3582114955.3045    0.25337486  -100.3596   0.07277416   -50.1560    0.00866823   152.0902    0.03214484     3.7996    0.02161706    0.02069676    0.02069676    0.02161706
04.49716295 10.00     SG    AMT  0.10   0.10   4747042308.9937  4810661253.5650    0.11915674  -175.2740   0.01609163   -81.5463    0.00635832  -116.8237    0.00811641   152.2504    0.01074299    0.01074299    0.01074299    0.01074299
04.49716295 10.00     SG    SPT  0.10   0.10    752232358.0812  8392776208.8695    0.12398376    -7.4233   0.01011251    38.5750    0.01898864   151.6218    0.03043775   134.9369    0.02012439    0.02012439    0.02012439    0.02012439
04.66337454 10.00    AMT    SPT  0.10   0.10  -3900981277.2577  3665620700.2735    0.25015183   -98.2084   0.01064332   -20.6939    0.01809428   144.4962    0.02903765   -32.2311    0.02161706    0.02069676    0.02069676    0.02161706
04.66337454 10.00     SG    AMT  0.10   0.10   4835930584.7048  4709311905.8706    0.11778790    30.9140   0.01601993  -154.3519    0.00289583   -83.7088    0.01021366    41.3458    0.01074299    0.01074299    0.01074299    0.01074299
04.66337454 10.00     SG    SPT  0.10   0.10    934949307.4471  8374932606.1441    0.13576505   166.8750   0.01980640   124.7370    0.02246001   155.1231    0.01134066  -111.0753    0.02012439    0.02012439    0.02012439    0.02012439
04.82958613 10.00    AMT    SPT  0.10   0.10  -3799726864.0244  3747063250.0503    0.21422767   -71.5201   0.03930435    49.1827    0.02536711  -174.7427    0.01008342   -83.7594    0.02161706    0.02069676    0.02069676    0.02161706
04.82958613 10.00     SG    AMT  0.10   0.10   4915613391.6916  4606179753.4598    0.10584998   102.0437   0.01199004  -151.1375    0.03985010    -9.3079    0.00550779    17.3643    0.01074299    0.01074299    0.01074299    0.01074299
04.82958613 10.00     SG    SPT  0.10   0.10   1115886527.6672  8353243003.5101    0.11776666   -82.5371   0.02709988  -104.9331    0.00615230   -35.8033    0.04622845   -91.6582    0.02012439    0.02012439    0.02012439    0.02012439
04.99579773 10.00    AMT    SPT  0.10   0.10  -3691239454.7430  3826287574.1124    0.18898049    12.9499   0.00309195    -2.3379    0.00893634   -23.9017    0.03183568   162.5978    0.02161706    0.02069676    0.02069676    0.02161706
04.99579773 10.00     SG    AMT  0.10   0.10   4985939049.2021  4501461114.2463    0.13110568    68.7612   0.01994127  -127.6010    0.00929266     3.2082    0.03176997   -78.9599    0.01074299    0.01074299    0.01074299    0.01074299
04.99579773 10.00     SG    SPT  0.10   0.10   1294699594.4590  8327748688.3587    0.12149101   -18.2473   0.03888823   -98.7480    0.00443701   106.7695    0.03503658   -23.7499    0.02012439    0.02012439    0.02012439    0.02012439
05.16200932 10.00    AMT    SPT  0.10   0.10  -3575725561.3632  3903142864.4561    0.24761850   121.9536   0.00353631    68.7407    0.04128808    -8.6674    0.02364496   -56.8640    0.02161706    0.02069676    0.02069676    0.02161706
05.16200932 10.00     SG    AMT  0.10   0.10   5046773688.3501  4395355326.1119    0.10877591    33.5127   0.00882748   152.0561    0.01658929  -142.6225    0.00459404  -171.4830    0.01074299    0.01074299    0.01074299    0.01074299
05.16200932 10.00     SG    SPT  0.10   0.10   1471048126.9869  8298498190.5679    0.09505789    19.4203   0.02104395   -80.3881    0.02530991   -58.4004    0.01505825  -172.1351    0.02012439    0.02012439    0.02012439    0.02012439
05.32822091 10.00    AMT    SPT  0.10   0.10  -3453405071.1464  3977482822.6680    0.20738499   -72.8758   0.02592931   154.1047    0.01730809   146.8280    0.03036035   -44.1242    0.02161706    0.02069676    0.02069676    0.02161706
05.32822091 10.00     SG    AMT  0.10   0.10   5098001506.9426  4288064367.4548    0.09246908   156.7559   0.02428293    19.0439    0.00170998   174.1531    0.01559781    14.8957    0.01074299    0.01074299    0.01074299    0.01074299
05.32822091 10.00     SG    SPT  0.10   0.10   1644596435.7962  8265547190.1228    0.16126912   -32.5852   0.02048159    57.1515    0.02983906   170.2142    0.04332705   177.1995    0.02012439    0.02012439    0.02012439    0.02012439
05.49443251 10.00    AMT    SPT  0.10   0.10  -3324510828.0980  4049165938.4126    0.21068664    82.8414   0.04603339   137.2107    0.03263133   -29.7359    0.02820119    71.6719    0.02161706    0.02069676    0.02069676    0.02161706
05.49443251 10.00     SG    AMT  0.10   0.10   5139524989.9151  4179792472.7129    0.13805032    12.9975   0.01817242   129.5080    0.02371538  -162.6950    0.01302470  -145.3412    0.01074299    0.01074299    0.01074299    0.01074299
05.49443251 10.00     SG    SPT  0.10   0.10   1815014161.8171  8228958411.1255    0.16069202     0.8933   0.02670105   -52.5355    0.01371304   -41.1021    0.01067151    62.9988    0.02012439    0.02012439    0.02012439    0.02012439
05.66064410 10.00    AMT    SPT  0.10   0.10  -3189288189.7354  4118055758.8048    0.21018110   121.9248   0.03610718  -172.3906    0.05853940    -7.7448    0.00593862    93.2461    0.02161706    0.02069676    0.02069676    0.02161706
05.66064410 10.00     SG    AMT  0.10   0.10   5171265094.9578  4070745743.5915    0.10060136  -146.9587   0.01435098    73.6221    0.01453593  -176.3675    0.01393068    44.4645    0.01074299    0.01074299    0.01074299    0.01074299
05.66064410 10.00     SG    SPT  0.10   0.10   1981976905.2224  8188801502.3963    0.15249173   -93.2705   0.03864664    36.9424    0.01780706    75.8349    0.04729599   -46.4399    0.02012439    0.02012439    0.02012439    0.02012439
05.82685569 10.00    AMT    SPT  0.10   0.10  -3047994560.0364  4184021148.1561    0.27090954  -177.9599   0.01542064   -10.2364    0.02971460   -39.8856    0.01504312  -140.0433    0.02161706    0.02069676    0.02069676    0.02161706
05.82685569 10.00     SG    AMT  0.10   0.10   5193161402.9768  3961131756.7374    0.11123938   -52.4621   0.01653173  -126.0953    0.01857085  -114.5496    0.02536926  -158.0774    0.01074299    0.01074299    0.01074299    0.01074299
05.82685569 10.00     SG    SPT  0.10   0.10   2145166842.9404  8145152904.8935    0.09755171    39.0216   0.06527605   170.1909    0.05000812    53.8386    0.02582755   109.9892    0.02012439    0.02012439    0.02012439    0.02012439
05.99306729 10.00    AMT    SPT  0.10   0.10  -2900898899.4557  4246936537.5985    0.22457692  -133.7299   0.02134431    19.8539    0.03095116    62.5871    0.04970943     4.7641    0.02161706    0.02069676    0.02069676    0.02161706
05.99306729 10.00     SG    AMT  0.10   0.10   5205172233.1052  3851159168.6046    0.10899875    12.7631   0.00821965  -134.4073    0.01669498  -148.3426    0.01019097    86.2179    0.01074299    0.01074299    0.01074299    0.01074299
05.99306729 10.00     SG    SPT  0.10   0.10   2304273333.6495  8098095706.2032    0.10589304   136.1359   0.04995360  -155.9179    0.02190434     2.6925    0.03282732   -68.4426    0.02012439    0.02012439    0.02012439    0.02012439
06.15927888 10.00    AMT    SPT  0.10   0.10  -2748281212.9435  4306682164.1125    0.23166618   -14.1147   0.04010997   138.6925    0.02357209   -99.3676    0.02725926    85.6188    0.02161706    0.02069676    0.02069676    0.02161706
06.15927888 10.00     SG    AMT  0.10   0.10   5207274722.0453  3741037318.2651    0.09250432   -54.9548   0.02507407   141.6641    0.01693848   106.7314    0.02976174    52.4043    0.01074299    0.01074299    0.01074299    0.01074299
06.15927888 10.00     SG    SPT  0.10   0.10   2458993509.1017  8047719482.3776    0.12143850  -172.7746   0.03186299  -170.6932    0.02958717    30.0322    0.00750985   -23.6413    0.02012439    0.02012439    0.02012439    0.02012439
06.32549047 10.00    AMT    SPT  0.10   0.10  -2590432016.9405  4363144298.5022    0.23381749  -174.9688   0.02946381   -89.8809    0.02776065    81.0080    0.02670732   167.3270    0.02161706    0.02069676    0.02069676    0.02161706
06.32549047 10.00     SG    AMT  0.10   0.10   5199464867.5898  3630975828.9198    0.08573150   -11.0486   0.01912192   142.3045    0.01013184    -4.3153    0.01254282    29.1927    0.01074299    0.01074299    0.01074299    0.01074299
06.32549047 10.00     SG    SPT  0.10   0.10   2609032850.6493  7994120127.4220    0.12903086    99.8188   0.02263071    -9.6655    0.00990219   -37.1150    0.02212889    11.4860    0.02012439    0.02012439    0.02012439    0.02012439
06.49170207 10.00    AMT    SPT  0.10   0.10  -2427651786.3626  4416215461.8856    0.27179628   -29.9474   0.05183987    86.2796    0.03456629   173.2790    0.00062854  -139.7678    0.02161706    0.02069676    0.02069676    0.02161706
06.49170207 10.00     SG    AMT  0.10   0.10   5181757536.2406  3521184208.8693    0.08436118   115.7517   0.01471748  -131.7971    0.01390263    96.5898    0.00222251   175.8330    0.01074299    0.01074299    0.01074299    0.01074299
06.49170207 10.00     SG    SPT  0.10   0.10   2754105749.8780  7937399670.7549    0.12972030     8.2359   0.03959714   -77.4442    0.00728247   172.4849    0.01993418   170.1831    0.02012439    0.02012439    0.02012439    0.02012439
06.65791366 10.00    AMT    SPT  0.10   0.10  -2260250382.6307  4465794630.2871    0.27564328  -102.7526   0.05071481     0.5129    0.00699524    -8.5337    0.01031420   -71.5540    0.02161706    0.02069676    0.02069676    0.02161706
06.65791366 10.00     SG    AMT  0.10   0.10   5154186434.9093  3411871452.7024    0.08873650    80.0356   0.01361133   -73.7332    0.00657253   -10.1921    0.00800957   -34.7675    0.01074299    0.01074299    0.01074299    0.01074299
06.65791366 10.00     SG    SPT  0.10   0.10   2893936052.2786  7877666082.9895    0.10236793   -79.9668   0.04282592  -126.2560    0.03974603  -142.4957    0.03377042  -177.3853    0.02012439    0.02012439    0.02012439    0.02012439
06.82412525 10.00    AMT    SPT  0.10   0.10  -2088546463.8312  4511787426.9415    0.25337858   -45.4981   0.02661577    96.5862    0.02857040   120.2063    0.03922646    90.5264    0.02161706    0.02069676    0.02069676    0.02161706
06.82412525 10.00     PV    AMT  0.10   0.10   -785330631.5426  3607975591.7797    0.15975864  -156.5306   0.01844242   -14.0932    0.01479746   119.9105    0.00763805   -72.0256    0.00649382    0.00649382    0.00649382    0.00649382
06.82412525 10.00     PV     SG  0.10   0.10  -5902134678.2970   304729948.3162    0.15993637  -111.0054   0.01053699  -119.7796    0.00434078    24.0301    0.00652909   -75.5360    0.00631424    0.00631424    0.00631424    0.00631424
06.82412525 10.00     PV    SPT  0.10   0.10  -2873877095.3739  8119763018.7212    0.11342721   168.1815   0.01620842  -126.6529    0.02307198   -56.0604    0.02068368    -1.3944    0.01216460    0.01216460    0.01216460    0.01216460
06.82412525 10.00     SG    AMT  0.10   0.10   5116804046.7543  3303245643.4635    0.04432022   160.9164   0.00825937    96.0917    0.00932260  -150.3598    0.00556053     2.4858    0.01074299    0.01074299    0.01074299    0.01074299
06.82412525 10.00     SG    SPT  0.10   0.10   3028257582.9231  7815033070.4050    0.13852259    89.0330   0.02016102   -98.7922    0.02127361   -45.2576    0.04161024    -2.9429    0.02012439    0.02012439    0.02012439    0.02012439
06.99033685 10.00    AMT    SPT  0.10   0.10  -1912866878.1327  4554106301.9464    0.23128514   152.4248   0.02799723   -31.8795    0.03672428   -45.3886    0.02267025  -159.2485    0.02161706    0.02069676    0.02069676    0.02161706
06.99033685 10.00     PV    AMT  0.10   0.10   -842602330.7413  3625192581.2931    0.15634861    50.0237   0.02529926  -146.1649    0.02197882   -47.8807    0.00716281    40.2830    0.00649382    0.00649382    0.00649382    0.00649382
06.99033685 10.00     PV     SG  0.10   0.10  -5912283862.0176   429679024.7388    0.14720585   115.5703   0.00467627   152.8045    0.01791630  -121.9671    0.00329831    68.2077    0.00631424    0.00631424    0.00631424    0.00631424
06.99033685 10.00     PV    SPT  0.10   0.10  -2755469208.8740  8179298883.2395    0.09215486  -143.4972   0.01044050    90.7123    0.01104216    55.9707    0.02660556    17.3438    0.01216460    0.01216460    0.01216460    0.01216460
06.99033685 10.00     SG    AMT  0.10   0.10   5069681531.2763  3195513556.5543    0.07692533   135.9521   0.00594461   122.6611    0.01103525    50.2947    0.01744914    63.3973    0.01074299    0.01074299    0.01074299    0.01074299
06.99033685 10.00     SG    SPT  0.10   0.10   3156814653.1436  7749619858.5007    0.14298450  -104.5209   0.05364806     7.1495    0.01391491    82.4419    0.02431195    54.6001    0.02012439    0.02012439    0.02012439    0.02012439
07.15654844 10.00    AMT    SPT  0.10   0.10  -1733546041.6113  4592670698.9180    0.23871987   125.9930   0.02444082   -14.8774    0.03370398    25.0270    0.02115986  -123.4076    0.02161706    0.02069676    0.02069676    0.02161706
07.15654844 10.00  NOEMA    AMT  0.10   0.10   -166518982.0254  4086269922.3622    0.25279492   -88.3543   0.02482151    66.9487    0.02040471  -141.4366    0.00245581   -70.4498    0.00394160    0.00394160    0.00394160    0.00394160
07.15654844 10.00  NOEMA     PV  0.10   0.10    731751106.4877   442665905.9051    2.09742568   -27.9494   0.14678099   -24.2435    0.02982019   -94.4036    0.00403370   -77.0299    0.00231669    0.00231669    0.00231669    0.00231669
07.15654844 10.00  NOEMA     SG  0.10   0.10  -5179427570.8870   997389656.2368    0.29412521    10.6041   0.01648967   133.3672    0.00765648    74.4662    0.00293678   -72.6410    0.00383260    0.00383260    0.00383260    0.00383260
07.15654844 10.00  NOEMA    SPT  0.10   0.10  -1900065023.6367  8678940621.2802    0.07715897    65.1363   0.00744699   -34.9045    0.00880479  -145.2427    0.00670943    92.1405    0.00738363    0.00738363    0.00738363    0.00738363
07.15654844 10.00     PV    AMT  0.10   0.10   -898270088.5131  3643604016.4571    0.15687034   -22.9060   0.02972785   133.9180    0.01430852  -150.4679    0.00952914   -99.0456    0.00649382    0.00649382    0.00649382    0.00649382
07.15654844 10.00     PV     SG  0.10   0.10  -5911178677.3747   554723750.3317    0.15545223    21.4262   0.00420547  -124.8136    0.01340805   138.8832    0.00354294   134.7303    0.00631424    0.00631424    0.00631424    0.00631424
07.15654844 10.00     PV    SPT  0.10   0.10  -2631816130.1244  8236274715.3751    0.08992335   120.1720   0.01947282  -102.1000    0.00626901    76.0553    0.01242723     8.3254    0.01216460    0.01216460    0.01216460    0.01216460
07.15654844 10.00     SG    AMT  0.10   0.10   5012908588.8616  3088880266.1253    0.10749842   135.7369   0.01803122    68.4004    0.00299686  -165.0385    0.00746024    88.5927    0.01074299    0.01074299    0.01074299    0.01074299
07.15654844 10.00     SG    SPT  0.10   0.10   3279362547.2503  7681550965.0433    0.11638675  -112.3361   0.01879755  -162.8481    0.02287880  -108.8401    0.04358652    -4.4105    0.02012439    0.02012439    0.02012439    0.02012439
07.32276003 10.00    AMT    SPT  0.10   0.10  -1550925301.6714  4627407208.3348    0.27706955  -166.2277   0.03284057    12.7355    0.02434044   -24.2388    0.03140292    56.8599    0.02161706    0.02069676    0.02069676    0.02161706
07.32276003 10.00  NOEMA    AMT  0.10   0.10   -219702320.4568  4090354591.8595    0.24816970     5.8197   0.03312139   173.7852    0.01610918   -46.4328    0.00110446   -33.9665    0.00394160    0.00394160    0.00394160    0.00394160
07.32276003 10.00  NOEMA     PV  0.10   0.10    732525617.6602   427179741.8010    2.10813336   -82.1256   0.15167617   -79.2476    0.03177266  -143.5469    0.00305421   110.5280    0.00231669    0.00231669    0.00231669    0.00231669
07.32276003 10.00  NOEMA     SG  0.10   0.10  -5166295610.4897  1106805837.1539    0.28812786  -161.3133   0.01323827   -72.3698    0.00277539   -74.2998    0.00385223    51.0365    0.00383260    0.00383260    0.00383260    0.00383260
07.32276003 10.00  NOEMA    SPT  0.10   0.10  -1770627622.1283  8717761800.1943    0.07777771  -141.5655   0.00515645   -89.1310    0.00778662   122.4313    0.01163286  -139.7775    0.00738363    0.00738363    0.00738363    0.00738363
07.32276003 10.00     PV    AMT  0.10   0.10   -952227938.1170  3663174850.0584    0.16913566   123.1112   0.02532524   -87.9098    0.01716080    11.4752    0.00653730   -43.1670    0.00649382    0.00649382    0.00649382    0.00649382
07.32276003 10.00     PV     SG  0.10   0.10  -5898821228.1499   679626095.3528    0.15648540  -100.7586   0.00369049    42.1256    0.01044023   133.3427    0.00383958     6.0234    0.00631424    0.00631424    0.00631424    0.00631424
07.32276003 10.00     PV    SPT  0.10   0.10  -2503153239.7884  8290582058.3932    0.09171446   -35.6544   0.00563890   145.8649    0.00338051   177.0992    0.02653936     9.8660    0.01216460    0.01216460    0.01216460    0.01216460
07.32276003 10.00     SG    AMT  0.10   0.10   4946593290.0329  2983548754.7056    0.12985714    36.0622   0.01469084   -73.1067    0.04147607   104.3350    0.01253399   119.7631    0.01074299    0.01074299    0.01074299    0.01074299
07.32276003 10.00     SG    SPT  0.10   0.10   3395667988.3615  7610955963.0404    0.14482847  -148.8531   0.02762807   165.8026    0.03414829   127.9247    0.00866351   172.1805    0.02012439    0.02012439    0.02012439    0.02012439
07.48897163 10.00    AMT    SPT  0.10   0.10  -1365352287.2710  4658249707.2768    0.27462603    85.3334   0.03958704  -174.7323    0.01827867    85.8330    0.04102895   -84.4038    0.02161706    0.02069676    0.02069676    0.02161706
07.48897163 10.00  NOEMA    AMT  0.10   0.10   -272467443.0342  4095559770.3608    0.25769421   -70.9637   0.02244163    78.3081    0.01853877  -109.3068    0.01162780   -48.1737    0.00394160    0.00394160    0.00394160    0.00394160
07.48897163 10.00  NOEMA     PV  0.10   0.10    731905724.6854   411691942.4577    2.11245850  -117.6061   0.14645376  -118.7160    0.02291832  -178.3607    0.00195279  -159.5377    0.00231669    0.00231669    0.00231669    0.00231669
07.48897163 10.00  NOEMA     SG  0.10   0.10  -5143329312.7649  1215840243.5471    0.29003515    66.2881   0.01172693   119.2191    0.01260286   170.2794    0.00725761   -14.4137    0.00383260    0.00383260    0.00383260    0.00383260
07.48897163 10.00  NOEMA    SPT  0.10   0.10  -1637819730.3052  8753809477.6376    0.08364414    25.7261   0.00864245  -132.8597    0.00762260  -154.4654    0.00561214    38.6159    0.00738363    0.00738363    0.00738363    0.00738363
07.48897163 10.00     PV    AMT  0.10   0.10  -1004373167.7196  3683867827.9030    0.19190418    80.3103   0.02772054  -120.0592    0.01349549   -58.0931    0.00575015  -138.8920    0.00649382    0.00649382    0.00649382    0.00649382
07.48897163 10.00     PV     SG  0.10   0.10  -5875235037.4503   804148301.0894    0.15527564   164.4866   0.01365588    97.9475    0.01159823  -161.9785    0.00940674    -5.0129    0.00631424    0.00631424    0.00631424    0.00631424
07.48897163 10.00     PV    SPT  0.10   0.10  -2369725454.9906  8342117535.1799    0.10463823   168.5064   0.01211421    35.6410    0.00406108    51.3178    0.01324740   -72.2367    0.01216460    0.01216460    0.01216460    0.01216460
07.48897163 10.00     SG    AMT  0.10   0.10   4870861869.7306  2879719526.8137    0.14052191    82.2768   0.00225344    82.1077    0.01626742   160.5500    0.00257168   -66.8183    0.01074299    0.01074299    0.01074299    0.01074299
07.48897163 10.00     SG    SPT  0.10   0.10   3505509582.4597  7537969234.0905    0.13730532   175.6718   0.01412416   -70.1716    0.02376301   179.5775    0.03922748   147.7355    0.02012439    0.02012439    0.02012439    0.02012439
07.65518322 10.00    AMT    SPT  0.10   0.10  -1177180247.1902  4685139485.2944    0.22223727   -52.0089   0.03756001   130.5995    0.03696773   159.7750    0.04116489    76.1723    0.02161706    0.02069676    0.02069676    0.02161706
07.65518322 10.00  NOEMA    AMT  0.10   0.10   -324713908.3478  4101875549.5129    0.25529553    90.9746   0.02797133  -114.4841    0.01730544    26.2104    0.00997978   -27.1836    0.00394160    0.00394160    0.00394160    0.00394160
07.65518322 10.00  NOEMA     PV  0.10   0.10    729892607.5649   396231989.7815    2.12235229   -84.7220   0.15225739   -83.4765    0.02447300  -143.1391    0.00151128   110.0671    0.00231669    0.00231669    0.00231669    0.00231669
07.65518322 10.00  NOEMA    SPT  0.10   0.10  -1501894155.5379  8787015034.8073    0.08594491    50.0662   0.00671660   176.3667    0.00546703    23.8889    0.00402071    63.9100    0.00738363    0.00738363    0.00738363    0.00738363
07.65518322 10.00     PV    AMT  0.10   0.10  -1054606515.9127  3705643559.7315    0.19465971  -153.9999   0.03046043    -3.7413    0.03135926   123.9211    0.01309274  -110.6575    0.00649382    0.00649382    0.00649382    0.00649382
07.65518322 10.00     PV    SPT  0.10   0.10  -2231786763.1028  8390783045.0258    0.09118401   165.8376   0.01125414  -136.9487    0.01777934  -144.4238    0.00878472   153.2566    0.01216460    0.01216460    0.01216460    0.01216460
07.82139481 10.00    AMT    SPT  0.10   0.10   -986767377.6023  4708025356.1666    0.25054047   120.3773   0.04310062  -101.2780    0.03857871   139.2623    0.01038365    90.3061    0.02161706    0.02069676    0.02069676    0.02161706
07.82139481 10.00  NOEMA    AMT  0.10   0.10   -376342262.2812  4109289906.8714    0.25355914   105.5015   0.02660558   -97.4498    0.01733471    32.0536    0.00298641   -65.5199    0.00394160    0.00394160    0.00394160    0.00394160
07.82139481 10.00  NOEMA     PV  0.10   0.10    726490098.3815   380829312.6709    2.13381870   160.7063   0.15327412   159.8820    0.02562358   107.6567    0.00210769   134.5329    0.00231669    0.00231669    0.00231669    0.00231669
07.82139481 10.00  NOEMA    SPT  0.10   0.10  -1363109639.8835  8817315263.0380    0.08477140  -103.1724   0.01409156   114.2132    0.01286427   177.1369    0.00789991    22.9037    0.00738363    0.00738363    0.00738363    0.00738363
07.82139481 10.00     PV    AMT  0.10   0.10  -1102832360.6627  3728460594.2005    0.19805361   -22.1251   0.03799593   128.4089    0.02393615  -121.9796    0.01615302  -120.6582    0.00649382    0.00649382    0.00649382    0.00649382
07.82139481 10.00     PV    SPT  0.10   0.10  -2089599738.2650  8436485950.3672    0.08076932   105.4166   0.02756822   -40.6414    0.01499985   143.6333    0.01157549    -2.6168    0.01216460    0.01216460    0.01216460    0.01216460
